1c.)

### k = 3 ### 
                
     Cluster    Num of Members    Var F1       Var F2       Var F3
0      0.0         526.0         3.965877     0.716654     0.225342
1      1.0         325.0         4.231053     0.718832     0.147245
2      2.0         1256.0        3.012663     0.710666     0.389135


### k = 4 ###

     Cluster    Num of Members    Var F1       Var F2       Var F3
0      0.0         391.0         2.907088     0.718889     0.119373
1      1.0         261.0         4.041927     0.725011     0.112020
2      2.0         1071.0        3.081818     0.709182     0.341345
3      3.0         384.0         3.857638     0.714232     0.155558


### k = 5 ###

     Cluster    Num of Members    Var F1       Var F2       Var F3
0      0.0         205.0         2.842673     0.723332     0.059179
1      1.0         284.0         3.475254     0.711507     0.106346
2      2.0         266.0         4.134700     0.724053     0.117493
3      3.0         988.0         2.989982     0.710195     0.305337
4      4.0         364.0         3.510855     0.713164     0.130554


1d.)

Theoretically, the variability of each cluster should go down as the cluster
size decreases.  Low variability should indicate that the cluster is a good
representation for the stocks in the cluster.  The problem with minimizing
variability may be, depending how it is calculated, it could make a temporary
large divergent of two stocks have greater variability than two stocks that
have a higher average difference.


2.)

### k = 3 ###

   Cluster  Num of Members    Var F1    Var F2    Var F3
0      0.0           499.0  3.771125  0.715943  0.202623
1      1.0           325.0  4.284449  0.719074  0.149307
2      2.0          1283.0  3.084568  0.710893  0.406070

### k = 4 ###

   Cluster  Num of Members    Var F1    Var F2    Var F3
0      0.0           373.0  2.823011  0.719148  0.109387
1      1.0           385.0  3.975472  0.716003  0.163223
2      2.0           261.0  4.080200  0.721657  0.113837
3      3.0          1088.0  3.093356  0.709337  0.347658

### k = 5 ###

   Cluster  Num of Members    Var F1    Var F2    Var F3
0      0.0           200.0  2.820181  0.724382  0.057061
1      1.0           286.0  3.463319  0.711680  0.106770
2      2.0           252.0  4.095569  0.722444  0.110230
3      3.0          1004.0  3.017996  0.710617  0.312684
4      4.0           365.0  3.534630  0.712641  0.132300

### Cosine ###

￼             0         1         2         3     Day
0     0.960094  0.691534 -0.993645 -0.778369     0.0
1     0.954950  0.662123 -0.993268 -0.789724     1.0
2     0.930036  0.629818 -1.005928 -0.800670     2.0
3     0.911490  0.575964 -1.022121 -0.817594     3.0
4     0.904267  0.572827 -1.023621 -0.818618     4.0
5     0.910730  0.592987 -1.016460 -0.813612     5.0
6     0.940167  0.607857 -1.001741 -0.808831     6.0
7     0.928025  0.601181 -1.004571 -0.812493     7.0
8     0.929848  0.589045 -1.002777 -0.814755     8.0
9     0.960874  0.627841 -0.982963 -0.801488     9.0
10    0.968688  0.641000 -0.976437 -0.794206    10.0
11    0.981591  0.657643 -0.968609 -0.790159    11.0
12    0.944453  0.630410 -0.989402 -0.799075    12.0
13    0.869907  0.562414 -1.033446 -0.828509    13.0
14    0.820124  0.537526 -1.067300 -0.839929    14.0
15    0.846383  0.550442 -1.048007 -0.832464    15.0
16    0.818232  0.518718 -1.059410 -0.843018    16.0
17    0.797340  0.493427 -1.062202 -0.854191    17.0
18    0.747750  0.441940 -1.098860 -0.874186    18.0
19    0.729431  0.436776 -1.111524 -0.882149    19.0
20    0.760978  0.476648 -1.088696 -0.869042    20.0
21    0.772421  0.478051 -1.079845 -0.869819    21.0
22    0.727549  0.444838 -1.102072 -0.884449    22.0
23    0.757344  0.490700 -1.080690 -0.864761    23.0
24    0.702491  0.444481 -1.116359 -0.883048    24.0
25    0.721535  0.473802 -1.102777 -0.873170    25.0
26    0.764078  0.530054 -1.076460 -0.848040    26.0
27    0.764594  0.517745 -1.076952 -0.854467    27.0
28    0.749366  0.493650 -1.085913 -0.862946    28.0
29    0.682928  0.436829 -1.121269 -0.883237    29.0
       ...       ...       ...       ...     ...
3023 -0.615771  1.391141  0.067949  2.037246  3023.0
3024 -0.611896  1.412856  0.077022  2.044697  3024.0
3025 -0.593970  1.469750  0.101208  2.078706  3025.0
3026 -0.593891  1.491150  0.105629  2.089854  3026.0
3027 -0.592703  1.499832  0.112996  2.099324  3027.0
3028 -0.580954  1.537759  0.137877  2.135911  3028.0
3029 -0.574473  1.544306  0.151451  2.143612  3029.0
3030 -0.577282  1.532951  0.144042  2.143420  3030.0
3031 -0.571656  1.550147  0.153361  2.151199  3031.0
3032 -0.572608  1.545818  0.136470  2.148031  3032.0
3033 -0.576142  1.538475  0.119249  2.138210  3033.0
3034 -0.569116  1.558911  0.135042  2.153437  3034.0
3035 -0.569703  1.555824  0.132257  2.157849  3035.0
3036 -0.575023  1.554504  0.125835  2.162066  3036.0
3037 -0.569473  1.557487  0.125491  2.162239  3037.0
3038 -0.570179  1.567375  0.123938  2.161703  3038.0
3039 -0.578144  1.554160  0.118056  2.154221  3039.0
3040 -0.576182  1.566405  0.129280  2.165043  3040.0
3041 -0.581833  1.562659  0.116939  2.169966  3041.0
3042 -0.578646  1.577260  0.130177  2.186053  3042.0
3043 -0.585727  1.552716  0.107667  2.173159  3043.0
3044 -0.581065  1.567784  0.111994  2.176575  3044.0
3045 -0.592140  1.540048  0.088628  2.152668  3045.0
3046 -0.595807  1.547203  0.088610  2.166649  3046.0
3047 -0.582414  1.564346  0.096121  2.182169  3047.0
3048 -0.591602  1.523935  0.079167  2.146067  3048.0
3049 -0.579473  1.558348  0.085815  2.166825  3049.0
3050 -0.584279  1.541528  0.083749  2.155171  3050.0
3051 -0.579542  1.560889  0.082487  2.162470  3051.0
3052 -0.581878  1.544097  0.080895  2.158828  3052.0

### Euclidean ###

             0         1         2         3     Day
0     1.043065 -0.979353 -0.803075  0.588580     0.0
1     1.036289 -0.979371 -0.813825  0.559076     1.0
2     1.009307 -0.992635 -0.824195  0.528278     2.0
3     0.983870 -1.011387 -0.840583  0.481665     3.0
4     0.976476 -1.012699 -0.841594  0.478822     4.0
5     0.985100 -1.005116 -0.836715  0.496821     5.0
6     1.015988 -0.990011 -0.832239  0.509672     6.0
7     1.002844 -0.992747 -0.835413  0.502982     7.0
8     1.002919 -0.988898 -0.837296  0.489952     8.0
9     1.036024 -0.968574 -0.824150  0.525859     9.0
10    1.044600 -0.961510 -0.817037  0.538336    10.0
11    1.057726 -0.952645 -0.812978  0.553634    11.0
12    1.018338 -0.974169 -0.821110  0.528277    12.0
13    0.943572 -1.021551 -0.849610  0.462181    13.0
14    0.896033 -1.056027 -0.860603  0.436003    14.0
15    0.920859 -1.034780 -0.853398  0.448911    15.0
16    0.892058 -1.047052 -0.863738  0.418612    16.0
17    0.870183 -1.050610 -0.874441  0.393950    17.0
18    0.820305 -1.088870 -0.894041  0.344048    18.0
19    0.803846 -1.101399 -0.902250  0.338079    19.0
20    0.836428 -1.078348 -0.889560  0.377113    20.0
21    0.848208 -1.070114 -0.890369  0.378115    21.0
22    0.804655 -1.096806 -0.904663  0.347024    22.0
23    0.835583 -1.072313 -0.885615  0.390999    23.0
24    0.781302 -1.109446 -0.903361  0.345322    24.0
25    0.800074 -1.094232 -0.893699  0.374034    25.0
26    0.846495 -1.066497 -0.869041  0.425956    26.0
27    0.846000 -1.067002 -0.875233  0.413690    27.0
28    0.828395 -1.074922 -0.883703  0.391559    28.0
29    0.760957 -1.113522 -0.902961  0.337150    29.0
       ...       ...       ...       ...     ...
3023 -0.577898  0.021195  2.024387  1.542899  3023.0
3024 -0.573020  0.031204  2.031412  1.564347  3024.0
3025 -0.553847  0.058984  2.063810  1.622836  3025.0
3026 -0.552878  0.062048  2.074609  1.645769  3026.0
3027 -0.550107  0.068802  2.083816  1.654379  3027.0
3028 -0.537145  0.093575  2.120003  1.693427  3028.0
3029 -0.530989  0.107816  2.127244  1.701188  3029.0
3030 -0.534750  0.100189  2.126830  1.691664  3030.0
3031 -0.527303  0.108484  2.134664  1.707673  3031.0
3032 -0.529188  0.093970  2.130819  1.704461  3032.0
3033 -0.532408  0.075547  2.120935  1.697502  3033.0
3034 -0.525380  0.092247  2.135924  1.718381  3034.0
3035 -0.525904  0.088458  2.140388  1.715981  3035.0
3036 -0.531493  0.081381  2.144838  1.715162  3036.0
3037 -0.527559  0.081837  2.144918  1.719263  3037.0
3038 -0.528382  0.080019  2.144438  1.729331  3038.0
3039 -0.536171  0.072768  2.137137  1.716368  3039.0
3040 -0.531719  0.081267  2.147969  1.728320  3040.0
3041 -0.537811  0.069315  2.152837  1.725385  3041.0
3042 -0.534813  0.082705  2.168971  1.740546  3042.0
3043 -0.542330  0.058744  2.156786  1.715153  3043.0
3044 -0.537745  0.062052  2.159889  1.731835  3044.0
3045 -0.547820  0.035087  2.136686  1.702952  3045.0
3046 -0.550619  0.033866  2.150926  1.710132  3046.0
3047 -0.537662  0.044604  2.164841  1.730104  3047.0
3048 -0.547692  0.028936  2.128648  1.688658  3048.0
3049 -0.535194  0.039447  2.148489  1.723064  3049.0
3050 -0.543388  0.041269  2.137830  1.703943  3050.0
3051 -0.537256  0.039041  2.144025  1.725772  3051.0
3052 -0.540146  0.036588  2.140695  1.709164  3052.0